3333333733333334333333363333333
8333333363333333533333332333333
3033333336333333333333333633363
3363333333633333334333333363333
3335333333323333333033333337333
3333333333336333333353333333633
3333333333333733333332333333363
3333335333333373333333433333332
3333333033333336333333393333333
7333333333333333233333330333333
3233333337333333363333333933333
3353336333633333336333333383333
3336333333393333333633333334333
3333633333335333333353336333633
3333363333333133333335333633363
3333336333633333333333633363336
3333333733333334333333353336333
6333333363336333633333336333333
3633333335333633363333333733333
3333333333633333335333333363333
3333333333373333333233333336333
3333533333337333333343333333733
3333333333333233333337333333323
3333330333333323333333133333332
3333333133333332333333313333333
2333334300808080808080808